5.00000 747.000
5.01500 770.000
5.03000 791.000
5.04500 787.000
5.06000 804.000
5.07500 783.000
5.09000 780.000
5.10500 793.000
5.12000 758.000
5.13500 796.000
5.15000 820.000
5.16500 810.000
5.18000 759.000
5.19500 770.000
5.21000 788.000
5.22500 797.000
5.24000 779.000
5.25500 757.000
5.27000 766.000
5.28500 785.000
5.30000 807.000
5.31500 810.000
5.33000 786.000
5.34500 791.000
5.36000 749.000
5.37500 741.000
5.39000 788.000
5.40500 783.000
5.42000 794.000
5.43500 788.000
5.45000 814.000
5.46500 835.000
5.48000 816.000
5.49500 809.000
5.51000 852.000
5.52500 837.000
5.54000 808.000
5.55500 841.000
5.57000 871.000
5.58500 835.000
5.60000 822.000
5.61500 790.000
5.63000 826.000
5.64500 776.000
5.66000 839.000
5.67500 824.000
5.69000 825.000
5.70500 818.000
5.72000 803.000
5.73500 809.000
5.75000 791.000
5.76500 839.000
5.78000 782.000
5.79500 793.000
5.81000 821.000
5.82500 795.000
5.84000 805.000
5.85500 769.000
5.87000 769.000
5.88500 821.000
5.90000 822.000
5.91500 841.000
5.93000 786.000
5.94500 825.000
5.96000 862.000
5.97500 850.000
5.99000 863.000
6.00500 846.000
6.02000 809.000
6.03500 835.000
6.05000 861.000
6.06500 806.000
6.08000 786.000
6.09500 806.000
6.11000 813.000
6.12500 822.000
6.14000 797.000
6.15500 801.000
6.17000 786.000
6.18500 796.000
6.20000 792.000
6.21500 775.000
6.23000 751.000
6.24500 758.000
6.26000 750.000
6.27500 763.000
6.29000 814.000
6.30500 808.000
6.32000 788.000
6.33500 770.000
6.35000 775.000
6.36500 831.000
6.38000 825.000
6.39500 814.000
6.41000 838.000
6.42500 797.000
6.44000 862.000
6.45500 824.000
6.47000 855.000
6.48500 849.000
6.50000 851.000
6.51500 816.000
6.53000 788.000
6.54500 799.000
6.56000 777.000
6.57500 818.000
6.59000 775.000
6.60500 763.000
6.62000 786.000
6.63500 758.000
6.65000 743.000
6.66500 732.000
6.68000 711.000
6.69500 706.000
6.71000 706.000
6.72500 739.000
6.74000 699.000
6.75500 699.000
6.77000 750.000
6.78500 711.000
6.80000 706.000
6.81500 726.000
6.83000 718.000
6.84500 708.000
6.86000 693.000
6.87500 658.000
6.89000 706.000
6.90500 715.000
6.92000 746.000
6.93500 735.000
6.95000 756.000
6.96500 728.000
6.98000 690.000
6.99500 724.000
7.01000 714.000
7.02500 683.000
7.04000 703.000
7.05500 670.000
7.07000 678.000
7.08500 697.000
7.10000 669.000
7.11500 695.000
7.13000 720.000
7.14500 733.000
7.16000 727.000
7.17500 730.000
7.19000 716.000
7.20500 737.000
7.22000 703.000
7.23500 688.000
7.25000 748.000
7.26500 731.000
7.28000 711.000
7.29500 705.000
7.31000 702.000
7.32500 703.000
7.34000 721.000
7.35500 734.000
7.37000 671.000
7.38500 642.000
7.40000 693.000
7.41500 687.000
7.43000 695.000
7.44500 667.000
7.46000 674.000
7.47500 641.000
7.49000 682.000
7.50500 691.000
7.52000 635.000
7.53500 639.000
7.55000 649.000
7.56500 676.000
7.58000 671.000
7.59500 647.000
7.61000 672.000
7.62500 649.000
7.64000 690.000
7.65500 697.000
7.67000 654.000
7.68500 615.000
7.70000 665.000
7.71500 652.000
7.73000 630.000
7.74500 664.000
7.76000 638.000
7.77500 677.000
7.79000 640.000
7.80500 652.000
7.82000 648.000
7.83500 682.000
7.85000 650.000
7.86500 674.000
7.88000 650.000
7.89500 687.000
7.91000 702.000
7.92500 669.000
7.94000 659.000
7.95500 648.000
7.97000 640.000
7.98500 644.000
8.00000 654.000
8.01500 628.000
8.03000 664.000
8.04500 663.000
8.06000 630.000
8.07500 637.000
8.09000 640.000
8.10500 608.000
8.12000 642.000
8.13500 652.000
8.15000 705.000
8.16500 659.000
8.18000 645.000
8.19500 634.000
8.21000 612.000
8.22500 593.000
8.24000 624.000
8.25500 622.000
8.27000 649.000
8.28500 659.000
8.30000 631.000
8.31500 593.000
8.33000 631.000
8.34500 625.000
8.36000 588.000
8.37500 668.000
8.39000 628.000
8.40500 602.000
8.42000 620.000
8.43500 655.000
8.45000 611.000
8.46500 614.000
8.48000 629.000
8.49500 601.000
8.51000 613.000
8.52500 631.000
8.54000 588.000
8.55500 616.000
8.57000 611.000
8.58500 606.000
8.60000 600.000
8.61500 641.000
8.63000 599.000
8.64500 590.000
8.66000 626.000
8.67500 592.000
8.69000 596.000
8.70500 599.000
8.72000 590.000
8.73500 559.000
8.75000 546.000
8.76500 586.000
8.78000 605.000
8.79500 576.000
8.81000 585.000
8.82500 565.000
8.84000 596.000
8.85500 582.000
8.87000 611.000
8.88500 603.000
8.90000 594.000
8.91500 573.000
8.93000 609.000
8.94500 638.000
8.96000 608.000
8.97500 628.000
8.99000 592.000
9.00500 585.000
9.02000 598.000
9.03500 593.000
9.05000 589.000
9.06500 572.000
9.08000 615.000
9.09500 627.000
9.11000 642.000
9.12500 674.000
9.14000 635.000
9.15500 632.000
9.17000 657.000
9.18500 684.000
9.20000 709.000
9.21500 713.000
9.23000 684.000
9.24500 677.000
9.26000 670.000
9.27500 638.000
9.29000 611.000
9.30500 620.000
9.32000 616.000
9.33500 606.000
9.35000 569.000
9.36500 588.000
9.38000 605.000
9.39500 582.000
9.41000 572.000
9.42500 543.000
9.44000 583.000
9.45500 546.000
9.47000 544.000
9.48500 560.000
9.50000 583.000
9.51500 562.000
9.53000 569.000
9.54500 555.000
9.56000 557.000
9.57500 565.000
9.59000 553.000
9.60500 555.000
9.62000 538.000
9.63500 520.000
9.65000 520.000
9.66500 558.000
9.68000 518.000
9.69500 543.000
9.71000 544.000
9.72500 570.000
9.74000 583.000
9.75500 541.000
9.77000 558.000
9.78500 553.000
9.80000 549.000
9.81500 582.000
9.83000 583.000
9.84500 574.000
9.86000 556.000
9.87500 543.000
9.89000 600.000
9.90500 593.000
9.92000 577.000
9.93500 567.000
9.95000 567.000
9.96500 586.000
9.98000 578.000
9.99500 588.000
10.01000 584.000
10.02500 594.000
10.04000 587.000
10.05500 600.000
10.07000 628.000
10.08500 605.000
10.10000 597.000
10.11500 623.000
10.13000 725.000
10.14500 739.000
10.16000 739.000
10.17500 733.000
10.19000 753.000
10.20500 814.000
10.22000 802.000
10.23500 882.000
10.25000 909.000
10.26500 965.000
10.28000 1070.000
10.29500 1116.000
10.31000 1144.000
10.32500 1096.000
10.34000 908.000
10.35500 811.000
10.37000 720.000
10.38500 631.000
10.40000 618.000
10.41500 580.000
10.43000 570.000
10.44500 545.000
10.46000 556.000
10.47500 531.000
10.49000 557.000
10.50500 521.000
10.52000 529.000
10.53500 502.000
10.55000 549.000
10.56500 513.000
10.58000 490.000
10.59500 521.000
10.61000 539.000
10.62500 549.000
10.64000 509.000
10.65500 528.000
10.67000 510.000
10.68500 572.000
10.70000 564.000
10.71500 538.000
10.73000 564.000
10.74500 566.000
10.76000 637.000
10.77500 581.000
10.79000 607.000
10.80500 609.000
10.82000 630.000
10.83500 618.000
10.85000 675.000
10.86500 657.000
10.88000 662.000
10.89500 699.000
10.91000 725.000
10.92500 780.000
10.94000 812.000
10.95500 888.000
10.97000 873.000
10.98500 839.000
11.00000 841.000
11.01500 801.000
11.03000 725.000
11.04500 714.000
11.06000 690.000
11.07500 683.000
11.09000 695.000
11.10500 714.000
11.12000 682.000
11.13500 659.000
11.15000 744.000
11.16500 742.000
11.18000 759.000
11.19500 813.000
11.21000 865.000
11.22500 887.000
11.24000 923.000
11.25500 985.000
11.27000 1093.000
11.28500 1131.000
11.30000 1226.000
11.31500 1394.000
11.33000 1494.000
11.34500 1551.000
11.36000 1648.000
11.37500 1571.000
11.39000 1471.000
11.40500 1298.000
11.42000 1070.000
11.43500 926.000
11.45000 806.000
11.46500 737.000
11.48000 693.000
11.49500 629.000
11.51000 578.000
11.52500 594.000
11.54000 563.000
11.55500 588.000
11.57000 585.000
11.58500 536.000
11.60000 565.000
11.61500 544.000
11.63000 550.000
11.64500 553.000
11.66000 609.000
11.67500 580.000
11.69000 571.000
11.70500 567.000
11.72000 560.000
11.73500 567.000
11.75000 559.000
11.76500 600.000
11.78000 603.000
11.79500 577.000
11.81000 615.000
11.82500 644.000
11.84000 683.000
11.85500 716.000
11.87000 684.000
11.88500 769.000
11.90000 758.000
11.91500 743.000
11.93000 811.000
11.94500 786.000
11.96000 776.000
11.97500 754.000
11.99000 771.000
12.00500 787.000
12.02000 819.000
12.03500 876.000
12.05000 881.000
12.06500 959.000
12.08000 1071.000
12.09500 1116.000
12.11000 1226.000
12.12500 1288.000
12.14000 1417.000
12.15500 1578.000
12.17000 1724.000
12.18500 1926.000
12.20000 2155.000
12.21500 2364.000
12.23000 2685.000
12.24500 2946.000
12.26000 3183.000
12.27500 3207.000
12.29000 3023.000
12.30500 2654.000
12.32000 2056.000
12.33500 1569.000
12.35000 1289.000
12.36500 1073.000
12.38000 938.000
12.39500 835.000
12.41000 767.000
12.42500 732.000
12.44000 658.000
12.45500 665.000
12.47000 656.000
12.48500 638.000
12.50000 609.000
12.51500 644.000
12.53000 611.000
12.54500 609.000
12.56000 589.000
12.57500 576.000
12.59000 564.000
12.60500 586.000
12.62000 580.000
12.63500 522.000
12.65000 547.000
12.66500 559.000
12.68000 580.000
12.69500 570.000
12.71000 576.000
12.72500 586.000
12.74000 593.000
12.75500 610.000
12.77000 612.000
12.78500 589.000
12.80000 592.000
12.81500 608.000
12.83000 627.000
12.84500 678.000
12.86000 696.000
12.87500 678.000
12.89000 735.000
12.90500 698.000
12.92000 747.000
12.93500 805.000
12.95000 855.000
12.96500 905.000
12.98000 938.000
12.99500 1058.000
13.01000 1123.000
13.02500 1252.000
13.04000 1421.000
13.05500 1393.000
13.07000 1437.000
13.08500 1319.000
13.10000 1121.000
13.11500 1035.000
13.13000 913.000
13.14500 846.000
13.16000 826.000
13.17500 882.000
13.19000 942.000
13.20500 939.000
13.22000 980.000
13.23500 987.000
13.25000 1057.000
13.26500 1218.000
13.28000 1180.000
13.29500 1222.000
13.31000 1244.000
13.32500 1195.000
13.34000 1166.000
13.35500 1111.000
13.37000 1078.000
13.38500 1151.000
13.40000 1235.000
13.41500 1345.000
13.43000 1424.000
13.44500 1457.000
13.46000 1555.000
13.47500 1729.000
13.49000 1688.000
13.50500 1510.000
13.52000 1284.000
13.53500 1110.000
13.55000 936.000
13.56500 815.000
13.58000 758.000
13.59500 736.000
13.61000 708.000
13.62500 669.000
13.64000 674.000
13.65500 694.000
13.67000 653.000
13.68500 678.000
13.70000 708.000
13.71500 668.000
13.73000 589.000
13.74500 645.000
13.76000 633.000
13.77500 642.000
13.79000 670.000
13.80500 667.000
13.82000 594.000
13.83500 621.000
13.85000 630.000
13.86500 673.000
13.88000 679.000
13.89500 686.000
13.91000 639.000
13.92500 663.000
13.94000 658.000
13.95500 673.000
13.97000 682.000
13.98500 709.000
14.00000 720.000
14.01500 704.000
14.03000 728.000
14.04500 730.000
14.06000 746.000
14.07500 754.000
14.09000 778.000
14.10500 852.000
14.12000 872.000
14.13500 872.000
14.15000 949.000
14.16500 958.000
14.18000 1005.000
14.19500 1076.000
14.21000 1191.000
14.22500 1254.000
14.24000 1307.000
14.25500 1300.000
14.27000 1300.000
14.28500 1211.000
14.30000 1054.000
14.31500 958.000
14.33000 888.000
14.34500 919.000
14.36000 845.000
14.37500 890.000
14.39000 910.000
14.40500 937.000
14.42000 918.000
14.43500 999.000
14.45000 1024.000
14.46500 1078.000
14.48000 1161.000
14.49500 1283.000
14.51000 1315.000
14.52500 1417.000
14.54000 1545.000
14.55500 1776.000
14.57000 1955.000
14.58500 2168.000
14.60000 2408.000
14.61500 2726.000
14.63000 2922.000
14.64500 3148.000
14.66000 3196.000
14.67500 3030.000
14.69000 2765.000
14.70500 2376.000
14.72000 2019.000
14.73500 1779.000
14.75000 1636.000
14.76500 1582.000
14.78000 1652.000
14.79500 1704.000
14.81000 1819.000
14.82500 1969.000
14.84000 2017.000
14.85500 2131.000
14.87000 2338.000
14.88500 2530.000
14.90000 2748.000
14.91500 3028.000
14.93000 3463.000
14.94500 3979.000
14.96000 4470.000
14.97500 4910.000
14.99000 5116.000
15.00500 4824.000
15.02000 4123.000
15.03500 3194.000
15.05000 2437.000
15.06500 1777.000
15.08000 1439.000
15.09500 1229.000
15.11000 1127.000
15.12500 989.000
15.14000 902.000
15.15500 854.000
15.17000 854.000
15.18500 781.000
15.20000 783.000
15.21500 798.000
15.23000 801.000
15.24500 748.000
15.26000 745.000
15.27500 692.000
15.29000 686.000
15.30500 670.000
15.32000 677.000
15.33500 687.000
15.35000 684.000
15.36500 678.000
15.38000 678.000
15.39500 668.000
15.41000 642.000
15.42500 629.000
15.44000 649.000
15.45500 651.000
15.47000 636.000
15.48500 612.000
15.50000 625.000
15.51500 629.000
15.53000 634.000
15.54500 619.000
15.56000 601.000
15.57500 604.000
15.59000 614.000
15.60500 620.000
15.62000 633.000
15.63500 605.000
15.65000 643.000
15.66500 625.000
15.68000 651.000
15.69500 622.000
15.71000 611.000
15.72500 604.000
15.74000 632.000
15.75500 687.000
15.77000 735.000
15.78500 709.000
15.80000 704.000
15.81500 687.000
15.83000 692.000
15.84500 749.000
15.86000 769.000
15.87500 808.000
15.89000 853.000
15.90500 966.000
15.92000 1004.000
15.93500 1031.000
15.95000 1141.000
15.96500 1231.000
15.98000 1340.000
15.99500 1462.000
16.01000 1615.000
16.02500 1783.000
16.04000 1914.000
16.05500 2028.000
16.07000 2249.000
16.08500 2297.000
16.10000 2168.000
16.11500 2227.000
16.13000 2211.000
16.14500 2193.000
16.16000 2431.000
16.17500 2714.000
16.19000 2822.000
16.20500 2962.000
16.22000 2959.000
16.23500 2761.000
16.25000 2475.000
16.26500 2145.000
16.28000 1876.000
16.29500 1610.000
16.31000 1401.000
16.32500 1329.000
16.34000 1346.000
16.35500 1339.000
16.37000 1328.000
16.38500 1437.000
16.40000 1540.000
16.41500 1608.000
16.43000 1738.000
16.44500 1881.000
16.46000 1895.000
16.47500 1783.000
16.49000 1652.000
16.50500 1524.000
16.52000 1346.000
16.53500 1237.000
16.55000 1092.000
16.56500 1052.000
16.58000 1050.000
16.59500 1094.000
16.61000 1155.000
16.62500 1225.000
16.64000 1353.000
16.65500 1366.000
16.67000 1547.000
16.68500 1746.000
16.70000 1942.000
16.71500 2103.000
16.73000 2364.000
16.74500 2695.000
16.76000 3146.000
16.77500 3518.000
16.79000 4049.000
16.80500 4681.000
16.82000 5299.000
16.83500 6077.000
16.85000 6617.000
16.86500 6977.000
16.88000 6726.000
16.89500 5983.000
16.91000 5048.000
16.92500 4076.000
16.94000 3217.000
16.95500 2660.000
16.97000 2249.000
16.98500 1988.000
17.00000 1917.000
17.01500 1837.000
17.03000 1849.000
17.04500 1899.000
17.06000 2002.000
17.07500 2085.000
17.09000 2235.000
17.10500 2239.000
17.12000 2261.000
17.13500 2280.000
17.15000 2227.000
17.16500 2246.000
17.18000 2301.000
17.19500 2467.000
17.21000 2693.000
17.22500 2992.000
17.24000 3350.000
17.25500 3680.000
17.27000 3981.000
17.28500 4143.000
17.30000 3910.000
17.31500 3521.000
17.33000 3020.000
17.34500 2541.000
17.36000 2065.000
17.37500 1715.000
17.39000 1475.000
17.40500 1288.000
17.42000 1172.000
17.43500 1135.000
17.45000 1091.000
17.46500 1058.000
17.48000 1076.000
17.49500 1059.000
17.51000 1132.000
17.52500 1310.000
17.54000 1345.000
17.55500 1395.000
17.57000 1653.000
17.58500 1865.000
17.60000 2106.000
17.61500 2315.000
17.63000 2703.000
17.64500 3166.000
17.66000 3645.000
17.67500 4164.000
17.69000 4873.000
17.70500 5325.000
17.72000 5742.000
17.73500 5702.000
17.75000 5107.000
17.76500 4436.000
17.78000 3636.000
17.79500 2846.000
17.81000 2479.000
17.82500 2307.000
17.84000 2181.000
17.85500 2306.000
17.87000 2287.000
17.88500 2328.000
17.90000 2450.000
17.91500 2476.000
17.93000 2410.000
17.94500 2340.000
17.96000 2278.000
17.97500 2038.000
17.99000 1798.000
18.00500 1550.000
18.02000 1316.000
18.03500 1121.000
18.05000 952.000
18.06500 854.000
18.08000 772.000
18.09500 723.000
18.11000 697.000
18.12500 679.000
18.14000 651.000
18.15500 638.000
18.17000 605.000
18.18500 571.000
18.20000 588.000
18.21500 590.000
18.23000 591.000
18.24500 554.000
18.26000 551.000
18.27500 582.000
18.29000 587.000
18.30500 616.000
18.32000 578.000
18.33500 631.000
18.35000 651.000
18.36500 611.000
18.38000 640.000
18.39500 666.000
18.41000 676.000
18.42500 695.000
18.44000 778.000
18.45500 823.000
18.47000 902.000
18.48500 963.000
18.50000 1078.000
18.51500 1160.000
18.53000 1244.000
18.54500 1486.000
18.56000 1658.000
18.57500 1827.000
18.59000 2040.000
18.60500 2425.000
18.62000 2911.000
18.63500 3297.000
18.65000 3851.000
18.66500 4274.000
18.68000 4669.000
18.69500 4782.000
18.71000 4607.000
18.72500 3989.000
18.74000 3331.000
18.75500 2573.000
18.77000 2019.000
18.78500 1660.000
18.80000 1393.000
18.81500 1271.000
18.83000 1201.000
18.84500 1161.000
18.86000 1215.000
18.87500 1210.000
18.89000 1333.000
18.90500 1492.000
18.92000 1621.000
18.93500 1771.000
18.95000 2086.000
18.96500 2391.000
18.98000 2749.000
18.99500 3200.000
19.01000 3823.000
19.02500 4524.000
19.04000 5629.000
19.05500 6712.000
19.07000 7823.000
19.08500 8793.000
19.10000 9367.000
19.11500 9129.000
19.13000 7959.000
19.14500 6136.000
19.16000 4451.000
19.17500 3246.000
19.19000 2429.000
19.20500 2109.000
19.22000 2003.000
19.23500 1942.000
19.25000 2040.000
19.26500 2119.000
19.28000 2362.000
19.29500 2661.000
19.31000 3072.000
19.32500 3591.000
19.34000 4131.000
19.35500 4848.000
19.37000 5562.000
19.38500 6187.000
19.40000 6261.000
19.41500 5810.000
19.43000 4742.000
19.44500 3867.000
19.46000 3044.000
19.47500 2479.000
19.49000 2185.000
19.50500 2009.000
19.52000 2001.000
19.53500 2051.000
19.55000 2257.000
19.56500 2548.000
19.58000 2845.000
19.59500 3225.000
19.61000 3677.000
19.62500 4456.000
19.64000 5111.000
19.65500 5738.000
19.67000 6037.000
19.68500 5843.000
19.70000 5561.000
19.71500 5139.000
19.73000 4867.000
19.74500 4983.000
19.76000 5236.000
19.77500 5679.000
19.79000 6296.000
19.80500 6866.000
19.82000 7152.000
19.83500 7097.000
19.85000 6585.000
19.86500 5859.000
19.88000 5135.000
19.89500 4671.000
19.91000 4483.000
19.92500 4574.000
19.94000 4611.000
19.95500 4584.000
19.97000 4243.000
19.98500 3851.000
20.00000 3385.000
20.01500 2959.000
20.03000 2577.000
20.04500 2281.000
20.06000 1991.000
20.07500 1714.000
20.09000 1483.000
20.10500 1254.000
20.12000 1098.000
20.13500 1017.000
20.15000 907.000
20.16500 857.000
20.18000 832.000
20.19500 871.000
20.21000 869.000
20.22500 907.000
20.24000 930.000
20.25500 897.000
20.27000 866.000
20.28500 762.000
20.30000 668.000
20.31500 631.000
20.33000 575.000
20.34500 536.000
20.36000 492.000
20.37500 465.000
20.39000 449.000
20.40500 448.000
20.42000 465.000
20.43500 472.000
20.45000 447.000
20.46500 408.000
20.48000 426.000
20.49500 453.000
20.51000 433.000
20.52500 464.000
20.54000 442.000
20.55500 443.000
20.57000 436.000
20.58500 416.000
20.60000 442.000
20.61500 472.000
20.63000 512.000
20.64500 512.000
20.66000 517.000
20.67500 549.000
20.69000 605.000
20.70500 654.000
20.72000 688.000
20.73500 784.000
20.75000 800.000
20.76500 849.000
20.78000 805.000
20.79500 788.000
20.81000 716.000
20.82500 661.000
20.84000 583.000
20.85500 565.000
20.87000 509.000
20.88500 514.000
20.90000 519.000
20.91500 531.000
20.93000 558.000
20.94500 563.000
20.96000 613.000
20.97500 644.000
20.99000 723.000
21.00500 791.000
21.02000 869.000
21.03500 912.000
21.05000 1037.000
21.06500 1089.000
21.08000 1099.000
21.09500 1067.000
21.11000 1050.000
21.12500 969.000
21.14000 911.000
21.15500 854.000
21.17000 869.000
21.18500 893.000
21.20000 931.000
21.21500 1001.000
21.23000 1021.000
21.24500 1024.000
21.26000 1057.000
21.27500 1054.000
21.29000 1055.000
21.30500 1077.000
21.32000 1180.000
21.33500 1252.000
21.35000 1457.000
21.36500 1621.000
21.38000 1790.000
21.39500 1894.000
21.41000 1988.000
21.42500 1967.000
21.44000 1782.000
21.45500 1647.000
21.47000 1527.000
21.48500 1425.000
21.50000 1437.000
21.51500 1547.000
21.53000 1722.000
21.54500 1982.000
21.56000 2134.000
21.57500 2382.000
21.59000 2563.000
21.60500 2462.000
21.62000 2289.000
21.63500 2070.000
21.65000 1661.000
21.66500 1346.000
21.68000 1238.000
21.69500 1161.000
21.71000 1127.000
21.72500 1149.000
21.74000 1149.000
21.75500 1103.000
21.77000 1070.000
21.78500 926.000
21.80000 837.000
21.81500 768.000
21.83000 675.000
21.84500 598.000
21.86000 575.000
21.87500 515.000
21.89000 477.000
21.90500 464.000
21.92000 497.000
21.93500 530.000
21.95000 549.000
21.96500 573.000
21.98000 585.000
21.99500 674.000
22.01000 758.000
22.02500 809.000
22.04000 885.000
22.05500 1025.000
22.07000 1137.000
22.08500 1296.000
22.10000 1265.000
22.11500 1147.000
22.13000 1038.000
22.14500 865.000
22.16000 708.000
22.17500 618.000
22.19000 553.000
22.20500 462.000
22.22000 432.000
22.23500 432.000
22.25000 408.000
22.26500 395.000
22.28000 378.000
22.29500 357.000
22.31000 345.000
22.32500 346.000
22.34000 344.000
22.35500 321.000
22.37000 332.000
22.38500 332.000
22.40000 336.000
22.41500 342.000
22.43000 337.000
22.44500 355.000
22.46000 338.000
22.47500 341.000
22.49000 314.000
22.50500 339.000
22.52000 346.000
22.53500 343.000
22.55000 354.000
22.56500 360.000
22.58000 374.000
22.59500 367.000
22.61000 361.000
22.62500 389.000
22.64000 349.000
22.65500 346.000
22.67000 317.000
22.68500 352.000
22.70000 399.000
22.71500 369.000
22.73000 341.000
22.74500 353.000
22.76000 411.000
22.77500 433.000
22.79000 435.000
22.80500 443.000
22.82000 463.000
22.83500 522.000
22.85000 550.000
22.86500 612.000
22.88000 627.000
22.89500 670.000
22.91000 645.000
22.92500 586.000
22.94000 519.000
22.95500 468.000
22.97000 467.000
22.98500 453.000
23.00000 475.000
23.01500 506.000
23.03000 522.000
23.04500 586.000
23.06000 563.000
23.07500 620.000
23.09000 570.000
23.10500 502.000
23.12000 457.000
23.13500 458.000
23.15000 429.000
23.16500 436.000
23.18000 414.000
23.19500 409.000
23.21000 391.000
23.22500 392.000
23.24000 435.000
23.25500 449.000
23.27000 458.000
23.28500 469.000
23.30000 479.000
23.31500 540.000
23.33000 574.000
23.34500 584.000
23.36000 638.000
23.37500 681.000
23.39000 689.000
23.40500 705.000
23.42000 709.000
23.43500 736.000
23.45000 727.000
23.46500 765.000
23.48000 782.000
23.49500 707.000
23.51000 678.000
23.52500 632.000
23.54000 584.000
23.55500 558.000
23.57000 515.000
23.58500 530.000
23.60000 562.000
23.61500 615.000
23.63000 678.000
23.64500 737.000
23.66000 759.000
23.67500 826.000
23.69000 893.000
23.70500 882.000
23.72000 838.000
23.73500 770.000
23.75000 690.000
23.76500 682.000
23.78000 644.000
23.79500 686.000
23.81000 728.000
23.82500 751.000
23.84000 863.000
23.85500 952.000
23.87000 993.000
23.88500 1159.000
23.90000 1301.000
23.91500 1353.000
23.93000 1449.000
23.94500 1422.000
23.96000 1296.000
23.97500 1154.000
23.99000 960.000
24.00500 837.000
24.02000 677.000
24.03500 636.000
24.05000 605.000
24.06500 552.000
24.08000 534.000
24.09500 573.000
24.11000 631.000
24.12500 608.000
24.14000 628.000
24.15500 674.000
24.17000 739.000
24.18500 763.000
24.20000 725.000
24.21500 662.000
24.23000 611.000
24.24500 587.000
24.26000 515.000
24.27500 478.000
24.29000 476.000
24.30500 468.000
24.32000 455.000
24.33500 470.000
24.35000 438.000
24.36500 460.000
24.38000 423.000
24.39500 417.000
24.41000 402.000
24.42500 431.000
24.44000 412.000
24.45500 396.000
24.47000 386.000
24.48500 416.000
24.50000 417.000
24.51500 426.000
24.53000 471.000
24.54500 445.000
24.56000 455.000
24.57500 468.000
24.59000 469.000
24.60500 497.000
24.62000 561.000
24.63500 588.000
24.65000 616.000
24.66500 723.000
24.68000 804.000
24.69500 862.000
24.71000 939.000
24.72500 980.000
24.74000 1015.000
24.75500 982.000
24.77000 911.000
24.78500 797.000
24.80000 697.000
24.81500 669.000
24.83000 615.000
24.84500 572.000
24.86000 619.000
24.87500 632.000
24.89000 633.000
24.90500 615.000
24.92000 546.000
24.93500 576.000
24.95000 502.000
24.96500 485.000
24.98000 508.000
24.99500 471.000
25.01000 475.000
25.02500 480.000
25.04000 458.000
25.05500 456.000
25.07000 454.000
25.08500 457.000
25.10000 482.000
25.11500 469.000
25.13000 526.000
25.14500 527.000
25.16000 538.000
25.17500 587.000
25.19000 674.000
25.20500 713.000
25.22000 809.000
25.23500 911.000
25.25000 1077.000
25.26500 1254.000
25.28000 1466.000
25.29500 1803.000
25.31000 1964.000
25.32500 2159.000
25.34000 2303.000
25.35500 2223.000
25.37000 2108.000
25.38500 1838.000
25.40000 1614.000
25.41500 1495.000
25.43000 1447.000
25.44500 1411.000
25.46000 1373.000
25.47500 1284.000
25.49000 1195.000
25.50500 1098.000
25.52000 959.000
25.53500 791.000
25.55000 754.000
25.56500 696.000
25.58000 716.000
25.59500 679.000
25.61000 709.000
25.62500 762.000
25.64000 887.000
25.65500 936.000
25.67000 998.000
25.68500 1179.000
25.70000 1357.000
25.71500 1657.000
25.73000 1935.000
25.74500 2171.000
25.76000 2414.000
25.77500 2476.000
25.79000 2384.000
25.80500 2155.000
25.82000 1802.000
25.83500 1488.000
25.85000 1311.000
25.86500 1136.000
25.88000 1150.000
25.89500 1174.000
25.91000 1216.000
25.92500 1236.000
25.94000 1217.000
25.95500 1176.000
25.97000 1039.000
25.98500 914.000
26.00000 793.000
26.01500 665.000
26.03000 565.000
26.04500 532.000
26.06000 512.000
26.07500 481.000
26.09000 528.000
26.10500 524.000
26.12000 515.000
26.13500 574.000
26.15000 623.000
26.16500 642.000
26.18000 656.000
26.19500 656.000
26.21000 656.000
26.22500 668.000
26.24000 649.000
26.25500 643.000
26.27000 696.000
26.28500 744.000
26.30000 779.000
26.31500 809.000
26.33000 885.000
26.34500 870.000
26.36000 827.000
26.37500 745.000
26.39000 694.000
26.40500 563.000
26.42000 480.000
26.43500 426.000
26.45000 423.000
26.46500 433.000
26.48000 422.000
26.49500 415.000
26.51000 416.000
26.52500 400.000
26.54000 391.000
26.55500 403.000
26.57000 389.000
26.58500 404.000
26.60000 412.000
26.61500 415.000
26.63000 443.000
26.64500 450.000
26.66000 459.000
26.67500 518.000
26.69000 546.000
26.70500 575.000
26.72000 678.000
26.73500 723.000
26.75000 762.000
26.76500 890.000
26.78000 910.000
26.79500 999.000
26.81000 1074.000
26.82500 1153.000
26.84000 1176.000
26.85500 1157.000
26.87000 1182.000
26.88500 1114.000
26.90000 1145.000
26.91500 1124.000
26.93000 1060.000
26.94500 1055.000
26.96000 1012.000
26.97500 998.000
26.99000 895.000
27.00500 986.000
27.02000 913.000
27.03500 942.000
27.05000 935.000
27.06500 923.000
27.08000 923.000
27.09500 879.000
27.11000 948.000
27.12500 1046.000
27.14000 1214.000
27.15500 1347.000
27.17000 1512.000
27.18500 1644.000
27.20000 1756.000
27.21500 1610.000
27.23000 1410.000
27.24500 1209.000
27.26000 1053.000
27.27500 911.000
27.29000 813.000
27.30500 739.000
27.32000 709.000
27.33500 652.000
27.35000 603.000
27.36500 623.000
27.38000 568.000
27.39500 542.000
27.41000 500.000
27.42500 473.000
27.44000 444.000
27.45500 434.000
27.47000 435.000
27.48500 444.000
27.50000 447.000
27.51500 473.000
27.53000 511.000
27.54500 559.000
27.56000 612.000
27.57500 643.000
27.59000 720.000
27.60500 837.000
27.62000 923.000
27.63500 1070.000
27.65000 1241.000
27.66500 1424.000
27.68000 1538.000
27.69500 1735.000
27.71000 1946.000
27.72500 2023.000
27.74000 2046.000
27.75500 1899.000
27.77000 1702.000
27.78500 1441.000
27.80000 1269.000
27.81500 1067.000
27.83000 932.000
27.84500 833.000
27.86000 751.000
27.87500 673.000
27.89000 611.000
27.90500 547.000
27.92000 488.000
27.93500 497.000
27.95000 488.000
27.96500 461.000
27.98000 444.000
27.99500 421.000
28.01000 405.000
28.02500 410.000
28.04000 414.000
28.05500 399.000
28.07000 393.000
28.08500 410.000
28.10000 391.000
28.11500 387.000
28.13000 416.000
28.14500 431.000
28.16000 441.000
28.17500 486.000
28.19000 493.000
28.20500 507.000
28.22000 539.000
28.23500 533.000
28.25000 567.000
28.26500 550.000
28.28000 504.000
28.29500 549.000
28.31000 631.000
28.32500 673.000
28.34000 710.000
28.35500 791.000
28.37000 934.000
28.38500 1041.000
28.40000 1139.000
28.41500 1271.000
28.43000 1341.000
28.44500 1433.000
28.46000 1442.000
28.47500 1333.000
28.49000 1292.000
28.50500 1149.000
28.52000 1025.000
28.53500 923.000
28.55000 831.000
28.56500 806.000
28.58000 762.000
28.59500 763.000
28.61000 840.000
28.62500 876.000
28.64000 983.000
28.65500 1108.000
28.67000 1233.000
28.68500 1476.000
28.70000 1698.000
28.71500 1909.000
28.73000 2050.000
28.74500 2202.000
28.76000 2124.000
28.77500 1972.000
28.79000 1832.000
28.80500 1737.000
28.82000 1544.000
28.83500 1347.000
28.85000 1257.000
28.86500 1166.000
28.88000 1034.000
28.89500 968.000
28.91000 950.000
28.92500 925.000
28.94000 993.000
28.95500 1081.000
28.97000 1096.000
28.98500 1250.000
29.00000 1360.000
29.01500 1451.000
29.03000 1593.000
29.04500 1733.000
29.06000 1865.000
29.07500 2128.000
29.09000 2302.000
29.10500 2534.000
29.12000 2605.000
29.13500 2493.000
29.15000 2177.000
29.16500 1874.000
29.18000 1505.000
29.19500 1202.000
29.21000 933.000
29.22500 809.000
29.24000 740.000
29.25500 590.000
29.27000 541.000
29.28500 526.000
29.30000 529.000
29.31500 504.000
29.33000 490.000
29.34500 487.000
29.36000 474.000
29.37500 484.000
29.39000 493.000
29.40500 496.000
29.42000 571.000
29.43500 609.000
29.45000 619.000
29.46500 656.000
29.48000 770.000
29.49500 865.000
29.51000 909.000
29.52500 991.000
29.54000 1037.000
29.55500 1093.000
29.57000 1130.000
29.58500 1190.000
29.60000 1264.000
29.61500 1374.000
29.63000 1443.000
29.64500 1439.000
29.66000 1340.000
29.67500 1262.000
29.69000 1181.000
29.70500 1105.000
29.72000 1056.000
29.73500 940.000
29.75000 811.000
29.76500 749.000
29.78000 629.000
29.79500 562.000
29.81000 518.000
29.82500 496.000
29.84000 496.000
29.85500 485.000
29.87000 503.000
29.88500 516.000
29.90000 537.000
29.91500 540.000
29.93000 599.000
29.94500 592.000
29.96000 585.000
29.97500 589.000
29.99000 569.000
30.00500 558.000
30.02000 520.000
30.03500 529.000
30.05000 541.000
30.06500 530.000
30.08000 528.000
30.09500 559.000
30.11000 603.000
30.12500 670.000
30.14000 627.000
30.15500 663.000
30.17000 700.000
30.18500 736.000
30.20000 828.000
30.21500 923.000
30.23000 1010.000
30.24500 1137.000
30.26000 1274.000
30.27500 1374.000
30.29000 1359.000
30.30500 1364.000
30.32000 1345.000
30.33500 1326.000
30.35000 1239.000
30.36500 1160.000
30.38000 1113.000
30.39500 1030.000
30.41000 915.000
30.42500 850.000
30.44000 749.000
30.45500 632.000
30.47000 550.000
30.48500 499.000
30.50000 483.000
30.51500 442.000
30.53000 436.000
30.54500 449.000
30.56000 457.000
30.57500 468.000
30.59000 458.000
30.60500 476.000
30.62000 516.000
30.63500 529.000
30.65000 616.000
30.66500 661.000
30.68000 683.000
30.69500 671.000
30.71000 612.000
30.72500 625.000
30.74000 652.000
30.75500 620.000
30.77000 634.000
30.78500 631.000
30.80000 552.000
30.81500 519.000
30.83000 505.000
30.84500 467.000
30.86000 451.000
30.87500 428.000
30.89000 430.000
30.90500 439.000
30.92000 397.000
30.93500 403.000
30.95000 398.000
30.96500 397.000
30.98000 387.000
30.99500 399.000
31.01000 424.000
31.02500 459.000
31.04000 506.000
31.05500 518.000
31.07000 594.000
31.08500 639.000
31.10000 686.000
31.11500 645.000
31.13000 663.000
31.14500 746.000
31.16000 774.000
31.17500 784.000
31.19000 931.000
31.20500 1058.000
31.22000 1084.000
31.23500 1140.000
31.25000 1143.000
31.26500 1068.000
31.28000 1020.000
31.29500 974.000
31.31000 909.000
31.32500 801.000
31.34000 767.000
31.35500 750.000
31.37000 751.000
31.38500 704.000
31.40000 697.000
31.41500 714.000
31.43000 730.000
31.44500 683.000
31.46000 719.000
31.47500 678.000
31.49000 639.000
31.50500 601.000
31.52000 590.000
31.53500 555.000
31.55000 571.000
31.56500 553.000
31.58000 554.000
31.59500 520.000
31.61000 471.000
31.62500 468.000
31.64000 445.000
31.65500 421.000
31.67000 427.000
31.68500 427.000
31.70000 427.000
31.71500 425.000
31.73000 473.000
31.74500 486.000
31.76000 483.000
31.77500 514.000
31.79000 491.000
31.80500 466.000
31.82000 452.000
31.83500 416.000
31.85000 363.000
31.86500 351.000
31.88000 349.000
31.89500 367.000
31.91000 349.000
31.92500 371.000
31.94000 335.000
31.95500 342.000
31.97000 407.000
31.98500 419.000
32.00000 452.000
32.01500 447.000
32.03000 503.000
32.04500 511.000
32.06000 564.000
32.07500 575.000
32.09000 574.000
32.10500 528.000
32.12000 511.000
32.13500 439.000
32.15000 398.000
32.16500 376.000
32.18000 376.000
32.19500 396.000
32.21000 359.000
32.22500 331.000
32.24000 353.000
32.25500 342.000
32.27000 381.000
32.28500 373.000
32.30000 355.000
32.31500 310.000
32.33000 330.000
32.34500 323.000
32.36000 345.000
32.37500 311.000
32.39000 316.000
32.40500 316.000
32.42000 314.000
32.43500 308.000
32.45000 315.000
32.46500 316.000
32.48000 325.000
32.49500 335.000
32.51000 351.000
32.52500 338.000
32.54000 370.000
32.55500 354.000
32.57000 325.000
32.58500 339.000
32.60000 319.000
32.61500 329.000
32.63000 312.000
32.64500 321.000
32.66000 376.000
32.67500 420.000
32.69000 448.000
32.70500 458.000
32.72000 526.000
32.73500 555.000
32.75000 602.000
32.76500 694.000
32.78000 721.000
32.79500 821.000
32.81000 955.000
32.82500 1018.000
32.84000 1084.000
32.85500 1085.000
32.87000 1134.000
32.88500 1108.000
32.90000 1071.000
32.91500 1053.000
32.93000 1065.000
32.94500 1096.000
32.96000 1147.000
32.97500 1140.000
32.99000 1200.000
33.00500 1170.000
33.02000 1164.000
33.03500 1124.000
33.05000 1103.000
33.06500 1139.000
33.08000 1182.000
33.09500 1220.000
33.11000 1387.000
33.12500 1448.000
33.14000 1458.000
33.15500 1449.000
33.17000 1415.000
33.18500 1354.000
33.20000 1278.000
33.21500 1239.000
33.23000 1180.000
33.24500 1143.000
33.26000 1136.000
33.27500 1147.000
33.29000 1142.000
33.30500 1054.000
33.32000 1020.000
33.33500 931.000
33.35000 880.000
33.36500 885.000
33.38000 871.000
33.39500 919.000
33.41000 932.000
33.42500 993.000
33.44000 997.000
33.45500 989.000
33.47000 928.000
33.48500 904.000
33.50000 828.000
33.51500 773.000
33.53000 752.000
33.54500 745.000
33.56000 763.000
33.57500 712.000
33.59000 716.000
33.60500 709.000
33.62000 714.000
33.63500 701.000
33.65000 742.000
33.66500 830.000
33.68000 833.000
33.69500 918.000
33.71000 996.000
33.72500 1077.000
33.74000 1189.000
33.75500 1317.000
33.77000 1343.000
33.78500 1398.000
33.80000 1316.000
33.81500 1289.000
33.83000 1181.000
33.84500 965.000
33.86000 835.000
33.87500 723.000
33.89000 615.000
33.90500 593.000
33.92000 586.000
33.93500 592.000
33.95000 541.000
33.96500 564.000
33.98000 591.000
33.99500 603.000
34.01000 613.000
34.02500 721.000
34.04000 815.000
34.05500 930.000
34.07000 1042.000
34.08500 1231.000
34.10000 1346.000
34.11500 1495.000
34.13000 1585.000
34.14500 1638.000
34.16000 1767.000
34.17500 1847.000
34.19000 1801.000
34.20500 1949.000
34.22000 2063.000
34.23500 2168.000
34.25000 2352.000
34.26500 2396.000
34.28000 2533.000
34.29500 2608.000
34.31000 2603.000
34.32500 2411.000
34.34000 2120.000
34.35500 1904.000
34.37000 1663.000
34.38500 1418.000
34.40000 1183.000
34.41500 1086.000
34.43000 912.000
34.44500 911.000
34.46000 869.000
34.47500 839.000
34.49000 868.000
34.50500 820.000
34.52000 764.000
34.53500 730.000
34.55000 691.000
34.56500 736.000
34.58000 712.000
34.59500 737.000
34.61000 785.000
34.62500 850.000
34.64000 920.000
34.65500 983.000
34.67000 1035.000
34.68500 1036.000
34.70000 1046.000
34.71500 989.000
34.73000 1065.000
34.74500 1111.000
34.76000 1189.000
34.77500 1182.000
34.79000 1257.000
34.80500 1222.000
34.82000 1036.000
34.83500 953.000
34.85000 828.000
34.86500 729.000
34.88000 630.000
34.89500 535.000
34.91000 502.000
34.92500 550.000
34.94000 502.000
34.95500 515.000
34.97000 541.000
34.98500 521.000
35.00000 514.000
35.01500 501.000
35.03000 501.000
35.04500 471.000
35.06000 393.000
35.07500 397.000
35.09000 399.000
35.10500 385.000
35.12000 399.000
35.13500 355.000
35.15000 406.000
35.16500 399.000
35.18000 391.000
35.19500 439.000
35.21000 448.000
35.22500 469.000
35.24000 522.000
35.25500 596.000
35.27000 651.000
35.28500 730.000
35.30000 763.000
35.31500 741.000
35.33000 753.000
35.34500 687.000
35.36000 638.000
35.37500 522.000
35.39000 431.000
35.40500 459.000
35.42000 421.000
35.43500 381.000
35.45000 403.000
35.46500 390.000
35.48000 394.000
35.49500 377.000
35.51000 411.000
35.52500 451.000
35.54000 460.000
35.55500 478.000
35.57000 477.000
35.58500 506.000
35.60000 533.000
35.61500 544.000
35.63000 566.000
35.64500 546.000
35.66000 575.000
35.67500 573.000
35.69000 594.000
35.70500 646.000
35.72000 709.000
35.73500 703.000
35.75000 782.000
35.76500 823.000
35.78000 852.000
35.79500 908.000
35.81000 905.000
35.82500 902.000
35.84000 909.000
35.85500 874.000
35.87000 855.000
35.88500 832.000
35.90000 839.000
35.91500 872.000
35.93000 905.000
35.94500 880.000
35.96000 808.000
35.97500 742.000
35.99000 733.000
36.00500 666.000
36.02000 593.000
36.03500 545.000
36.05000 487.000
36.06500 487.000
36.08000 441.000
36.09500 419.000
36.11000 399.000
36.12500 399.000
36.14000 401.000
36.15500 371.000
36.17000 350.000
36.18500 409.000
36.20000 418.000
36.21500 426.000
36.23000 439.000
36.24500 465.000
36.26000 472.000
36.27500 484.000
36.29000 556.000
36.30500 593.000
36.32000 622.000
36.33500 670.000
36.35000 679.000
36.36500 644.000
36.38000 650.000
36.39500 627.000
36.41000 634.000
36.42500 558.000
36.44000 531.000
36.45500 532.000
36.47000 495.000
36.48500 443.000
36.50000 448.000
36.51500 432.000
36.53000 385.000
36.54500 392.000
36.56000 394.000
36.57500 372.000
36.59000 398.000
36.60500 412.000
36.62000 419.000
36.63500 435.000
36.65000 442.000
36.66500 457.000
36.68000 503.000
36.69500 514.000
36.71000 456.000
36.72500 454.000
36.74000 427.000
36.75500 397.000
36.77000 361.000
36.78500 403.000
36.80000 409.000
36.81500 377.000
36.83000 370.000
36.84500 407.000
36.86000 437.000
36.87500 439.000
36.89000 470.000
36.90500 530.000
36.92000 579.000
36.93500 616.000
36.95000 716.000
36.96500 779.000
36.98000 835.000
36.99500 936.000
37.01000 963.000
37.02500 1037.000
37.04000 1081.000
37.05500 1126.000
37.07000 1096.000
37.08500 976.000
37.10000 913.000
37.11500 835.000
37.13000 788.000
37.14500 697.000
37.16000 605.000
37.17500 562.000
37.19000 558.000
37.20500 524.000
37.22000 519.000
37.23500 493.000
37.25000 575.000
37.26500 572.000
37.28000 636.000
37.29500 679.000
37.31000 714.000
37.32500 706.000
37.34000 725.000
37.35500 642.000
37.37000 603.000
37.38500 530.000
37.40000 503.000
37.41500 486.000
37.43000 528.000
37.44500 538.000
37.46000 591.000
37.47500 693.000
37.49000 698.000
37.50500 733.000
37.52000 689.000
37.53500 683.000
37.55000 619.000
37.56500 567.000
37.58000 551.000
37.59500 498.000
37.61000 440.000
37.62500 435.000
37.64000 414.000
37.65500 387.000
37.67000 361.000
37.68500 351.000
37.70000 379.000
37.71500 324.000
37.73000 371.000
37.74500 379.000
37.76000 376.000
37.77500 369.000
37.79000 397.000
37.80500 438.000
37.82000 471.000
37.83500 490.000
37.85000 531.000
37.86500 589.000
37.88000 614.000
37.89500 675.000
37.91000 692.000
37.92500 814.000
37.94000 899.000
37.95500 931.000
37.97000 1002.000
37.98500 1013.000
38.00000 1023.000
38.01500 974.000
38.03000 937.000
38.04500 888.000
38.06000 806.000
38.07500 731.000
38.09000 690.000
38.10500 603.000
38.12000 587.000
38.13500 521.000
38.15000 523.000
38.16500 536.000
38.18000 574.000
38.19500 627.000
38.21000 650.000
38.22500 666.000
38.24000 710.000
38.25500 743.000
38.27000 743.000
38.28500 737.000
38.30000 672.000
38.31500 637.000
38.33000 654.000
38.34500 588.000
38.36000 532.000
38.37500 516.000
38.39000 480.000
38.40500 453.000
38.42000 459.000
38.43500 530.000
38.45000 568.000
38.46500 574.000
38.48000 690.000
38.49500 761.000
38.51000 854.000
38.52500 863.000
38.54000 864.000
38.55500 907.000
38.57000 822.000
38.58500 795.000
38.60000 694.000
38.61500 629.000
38.63000 589.000
38.64500 577.000
38.66000 538.000
38.67500 520.000
38.69000 521.000
38.70500 544.000
38.72000 557.000
38.73500 604.000
38.75000 653.000
38.76500 616.000
38.78000 651.000
38.79500 732.000
38.81000 725.000
38.82500 741.000
38.84000 698.000
38.85500 682.000
38.87000 613.000
38.88500 644.000
38.90000 667.000
38.91500 693.000
38.93000 749.000
38.94500 847.000
38.96000 925.000
38.97500 885.000
38.99000 836.000
39.00500 796.000
39.02000 703.000
39.03500 629.000
39.05000 534.000
39.06500 468.000
39.08000 426.000
39.09500 382.000
39.11000 381.000
39.12500 368.000
39.14000 381.000
39.15500 369.000
39.17000 372.000
39.18500 377.000
39.20000 378.000
39.21500 389.000
39.23000 383.000
39.24500 364.000
39.26000 350.000
39.27500 355.000
39.29000 361.000
39.30500 358.000
39.32000 349.000
39.33500 398.000
39.35000 379.000
39.36500 390.000
39.38000 421.000
39.39500 456.000
39.41000 503.000
39.42500 536.000
39.44000 528.000
39.45500 539.000
39.47000 557.000
39.48500 569.000
39.50000 556.000
39.51500 524.000
39.53000 515.000
39.54500 538.000
39.56000 575.000
39.57500 567.000
39.59000 566.000
39.60500 575.000
39.62000 548.000
39.63500 534.000
39.65000 470.000
39.66500 460.000
39.68000 438.000
39.69500 423.000
39.71000 359.000
39.72500 338.000
39.74000 325.000
39.75500 327.000
39.77000 321.000
39.78500 312.000
39.80000 328.000
39.81500 361.000
39.83000 358.000
39.84500 363.000
39.86000 394.000
39.87500 402.000
39.89000 447.000
39.90500 458.000
39.92000 506.000
39.93500 552.000
39.95000 631.000
39.96500 654.000
39.98000 676.000
39.99500 712.000
40.01000 685.000
40.02500 649.000
40.04000 603.000
40.05500 542.000
40.07000 488.000
40.08500 463.000
40.10000 456.000
40.11500 478.000
40.13000 461.000
40.14500 463.000
40.16000 466.000
40.17500 472.000
40.19000 484.000
40.20500 447.000
40.22000 460.000
40.23500 443.000
40.25000 442.000
40.26500 474.000
40.28000 468.000
40.29500 442.000
40.31000 432.000
40.32500 484.000
40.34000 468.000
40.35500 443.000
40.37000 441.000
40.38500 425.000
40.40000 412.000
40.41500 395.000
40.43000 403.000
40.44500 398.000
40.46000 435.000
40.47500 455.000
40.49000 528.000
40.50500 524.000
40.52000 568.000
40.53500 620.000
40.55000 682.000
40.56500 710.000
40.58000 721.000
40.59500 701.000
40.61000 647.000
40.62500 625.000
40.64000 595.000
40.65500 587.000
40.67000 581.000
40.68500 588.000
40.70000 601.000
40.71500 549.000
40.73000 505.000
40.74500 466.000
40.76000 443.000
40.77500 413.000
40.79000 409.000
40.80500 379.000
40.82000 370.000
40.83500 367.000
40.85000 381.000
40.86500 344.000
40.88000 370.000
40.89500 357.000
40.91000 368.000
40.92500 361.000
40.94000 390.000
40.95500 360.000
40.97000 371.000
40.98500 374.000
41.00000 337.000
41.01500 358.000
41.03000 354.000
41.04500 327.000
41.06000 332.000
41.07500 359.000
41.09000 401.000
41.10500 405.000
41.12000 436.000
41.13500 485.000
41.15000 488.000
41.16500 521.000
41.18000 524.000
41.19500 553.000
41.21000 623.000
41.22500 659.000
41.24000 656.000
41.25500 675.000
41.27000 724.000
41.28500 821.000
41.30000 846.000
41.31500 913.000
41.33000 890.000
41.34500 870.000
41.36000 765.000
41.37500 704.000
41.39000 596.000
41.40500 505.000
41.42000 420.000
41.43500 387.000
41.45000 371.000
41.46500 362.000
41.48000 368.000
41.49500 345.000
41.51000 324.000
41.52500 353.000
41.54000 353.000
41.55500 342.000
41.57000 381.000
41.58500 392.000
41.60000 440.000
41.61500 493.000
41.63000 523.000
41.64500 566.000
41.66000 574.000
41.67500 589.000
41.69000 599.000
41.70500 669.000
41.72000 647.000
41.73500 613.000
41.75000 616.000
41.76500 635.000
41.78000 692.000
41.79500 707.000
41.81000 696.000
41.82500 723.000
41.84000 677.000
41.85500 613.000
41.87000 584.000
41.88500 538.000
41.90000 460.000
41.91500 437.000
41.93000 431.000
41.94500 415.000
41.96000 385.000
41.97500 371.000
41.99000 402.000
42.00500 398.000
42.02000 439.000
42.03500 432.000
42.05000 451.000
42.06500 486.000
42.08000 544.000
42.09500 667.000
42.11000 745.000
42.12500 841.000
42.14000 907.000
42.15500 972.000
42.17000 960.000
42.18500 903.000
42.20000 860.000
42.21500 743.000
42.23000 675.000
42.24500 620.000
42.26000 499.000
42.27500 488.000
42.29000 426.000
42.30500 422.000
42.32000 426.000
42.33500 419.000
42.35000 375.000
42.36500 398.000
42.38000 343.000
42.39500 380.000
42.41000 408.000
42.42500 433.000
42.44000 477.000
42.45500 515.000
42.47000 557.000
42.48500 605.000
42.50000 684.000
42.51500 768.000
42.53000 799.000
42.54500 799.000
42.56000 792.000
42.57500 844.000
42.59000 826.000
42.60500 866.000
42.62000 781.000
42.63500 736.000
42.65000 692.000
42.66500 611.000
42.68000 546.000
42.69500 526.000
42.71000 506.000
42.72500 483.000
42.74000 487.000
42.75500 486.000
42.77000 544.000
42.78500 573.000
42.80000 599.000
42.81500 617.000
42.83000 645.000
42.84500 663.000
42.86000 709.000
42.87500 674.000
42.89000 697.000
42.90500 698.000
42.92000 732.000
42.93500 737.000
42.95000 742.000
42.96500 776.000
42.98000 777.000
42.99500 788.000
43.01000 775.000
43.02500 730.000
43.04000 720.000
43.05500 685.000
43.07000 729.000
43.08500 713.000
43.10000 749.000
43.11500 770.000
43.13000 817.000
43.14500 788.000
43.16000 820.000
43.17500 804.000
43.19000 806.000
43.20500 764.000
43.22000 748.000
43.23500 741.000
43.25000 742.000
43.26500 746.000
43.28000 712.000
43.29500 713.000
43.31000 706.000
43.32500 652.000
43.34000 613.000
43.35500 580.000
43.37000 547.000
43.38500 539.000
43.40000 504.000
43.41500 477.000
43.43000 457.000
43.44500 473.000
43.46000 514.000
43.47500 527.000
43.49000 566.000
43.50500 641.000
43.52000 696.000
43.53500 690.000
43.55000 687.000
43.56500 690.000
43.58000 674.000
43.59500 626.000
43.61000 585.000
43.62500 593.000
43.64000 562.000
43.65500 568.000
43.67000 573.000
43.68500 555.000
43.70000 497.000
43.71500 498.000
43.73000 512.000
43.74500 530.000
43.76000 501.000
43.77500 518.000
43.79000 560.000
43.80500 550.000
43.82000 530.000
43.83500 466.000
43.85000 436.000
43.86500 401.000
43.88000 374.000
43.89500 362.000
43.91000 376.000
43.92500 373.000
43.94000 369.000
43.95500 358.000
43.97000 365.000
43.98500 378.000
44.00000 391.000
44.01500 399.000
44.03000 421.000
44.04500 452.000
44.06000 470.000
44.07500 500.000
44.09000 465.000
44.10500 491.000
44.12000 511.000
44.13500 530.000
44.15000 543.000
44.16500 547.000
44.18000 560.000
44.19500 495.000
44.21000 421.000
44.22500 387.000
44.24000 389.000
44.25500 384.000
44.27000 356.000
44.28500 365.000
44.30000 357.000
44.31500 374.000
44.33000 368.000
44.34500 374.000
44.36000 372.000
44.37500 373.000
44.39000 377.000
44.40500 364.000
44.42000 348.000
44.43500 328.000
44.45000 335.000
44.46500 360.000
44.48000 365.000
44.49500 390.000
44.51000 410.000
44.52500 480.000
44.54000 500.000
44.55500 529.000
44.57000 636.000
44.58500 674.000
44.60000 710.000
44.61500 727.000
44.63000 712.000
44.64500 702.000
44.66000 672.000
44.67500 589.000
44.69000 511.000
44.70500 485.000
44.72000 450.000
44.73500 418.000
44.75000 404.000
44.76500 350.000
44.78000 378.000
44.79500 385.000
44.81000 404.000
44.82500 402.000
44.84000 400.000
44.85500 416.000
44.87000 373.000
44.88500 399.000
44.90000 375.000
44.91500 325.000
44.93000 331.000
44.94500 317.000
44.96000 331.000
44.97500 298.000
44.99000 289.000
